10 x 9 matrix
11.00	11.00	11.00	11.00	11.00	11.00	11.00	11.00	11.00	
11.00	11.00	11.00	11.00	11.00	11.00	11.00	11.00	11.00	
6.00	6.00	6.00	6.00	6.00	6.00	6.00	6.00	6.00	
11.00	11.00	11.00	11.00	11.00	11.00	11.00	11.00	11.00	
7.00	7.00	7.00	7.00	7.00	7.00	7.00	7.00	7.00	
11.00	11.00	11.00	11.00	11.00	11.00	11.00	11.00	11.00	
0.00	0.00	0.00	0.00	0.00	0.00	0.00	0.00	0.00	
0.00	0.00	0.00	0.00	0.00	0.00	0.00	0.00	0.00	
0.00	0.00	0.00	0.00	0.00	0.00	0.00	0.00	0.00	
0.00	0.00	0.00	0.00	0.00	0.00	0.00	0.00	0.00	

