input file: tensors/3D_12031.tns
100 x 16 matrix
423.00	423.00	423.00	423.00	423.00	423.00	423.00	423.00	423.00	423.00	423.00	423.00	423.00	423.00	423.00	423.00	
3.00	3.00	3.00	3.00	3.00	3.00	3.00	3.00	3.00	3.00	3.00	3.00	3.00	3.00	3.00	3.00	
601.00	601.00	601.00	601.00	601.00	601.00	601.00	601.00	601.00	601.00	601.00	601.00	601.00	601.00	601.00	601.00	
751.00	751.00	751.00	751.00	751.00	751.00	751.00	751.00	751.00	751.00	751.00	751.00	751.00	751.00	751.00	751.00	
283.00	283.00	283.00	283.00	283.00	283.00	283.00	283.00	283.00	283.00	283.00	283.00	283.00	283.00	283.00	283.00	
725.00	725.00	725.00	725.00	725.00	725.00	725.00	725.00	725.00	725.00	725.00	725.00	725.00	725.00	725.00	725.00	
267.00	267.00	267.00	267.00	267.00	267.00	267.00	267.00	267.00	267.00	267.00	267.00	267.00	267.00	267.00	267.00	
42.00	42.00	42.00	42.00	42.00	42.00	42.00	42.00	42.00	42.00	42.00	42.00	42.00	42.00	42.00	42.00	
652.00	652.00	652.00	652.00	652.00	652.00	652.00	652.00	652.00	652.00	652.00	652.00	652.00	652.00	652.00	652.00	
7.00	7.00	7.00	7.00	7.00	7.00	7.00	7.00	7.00	7.00	7.00	7.00	7.00	7.00	7.00	7.00	
8.00	8.00	8.00	8.00	8.00	8.00	8.00	8.00	8.00	8.00	8.00	8.00	8.00	8.00	8.00	8.00	
8.00	8.00	8.00	8.00	8.00	8.00	8.00	8.00	8.00	8.00	8.00	8.00	8.00	8.00	8.00	8.00	
11.00	11.00	11.00	11.00	11.00	11.00	11.00	11.00	11.00	11.00	11.00	11.00	11.00	11.00	11.00	11.00	
5.00	5.00	5.00	5.00	5.00	5.00	5.00	5.00	5.00	5.00	5.00	5.00	5.00	5.00	5.00	5.00	
166.00	166.00	166.00	166.00	166.00	166.00	166.00	166.00	166.00	166.00	166.00	166.00	166.00	166.00	166.00	166.00	
17.00	17.00	17.00	17.00	17.00	17.00	17.00	17.00	17.00	17.00	17.00	17.00	17.00	17.00	17.00	17.00	
13.00	13.00	13.00	13.00	13.00	13.00	13.00	13.00	13.00	13.00	13.00	13.00	13.00	13.00	13.00	13.00	
16.00	16.00	16.00	16.00	16.00	16.00	16.00	16.00	16.00	16.00	16.00	16.00	16.00	16.00	16.00	16.00	
15.00	15.00	15.00	15.00	15.00	15.00	15.00	15.00	15.00	15.00	15.00	15.00	15.00	15.00	15.00	15.00	
131.00	131.00	131.00	131.00	131.00	131.00	131.00	131.00	131.00	131.00	131.00	131.00	131.00	131.00	131.00	131.00	
170.00	170.00	170.00	170.00	170.00	170.00	170.00	170.00	170.00	170.00	170.00	170.00	170.00	170.00	170.00	170.00	
503.00	503.00	503.00	503.00	503.00	503.00	503.00	503.00	503.00	503.00	503.00	503.00	503.00	503.00	503.00	503.00	
190.00	190.00	190.00	190.00	190.00	190.00	190.00	190.00	190.00	190.00	190.00	190.00	190.00	190.00	190.00	190.00	
11.00	11.00	11.00	11.00	11.00	11.00	11.00	11.00	11.00	11.00	11.00	11.00	11.00	11.00	11.00	11.00	
508.00	508.00	508.00	508.00	508.00	508.00	508.00	508.00	508.00	508.00	508.00	508.00	508.00	508.00	508.00	508.00	
5.00	5.00	5.00	5.00	5.00	5.00	5.00	5.00	5.00	5.00	5.00	5.00	5.00	5.00	5.00	5.00	
346.00	346.00	346.00	346.00	346.00	346.00	346.00	346.00	346.00	346.00	346.00	346.00	346.00	346.00	346.00	346.00	
8.00	8.00	8.00	8.00	8.00	8.00	8.00	8.00	8.00	8.00	8.00	8.00	8.00	8.00	8.00	8.00	
16.00	16.00	16.00	16.00	16.00	16.00	16.00	16.00	16.00	16.00	16.00	16.00	16.00	16.00	16.00	16.00	
365.00	365.00	365.00	365.00	365.00	365.00	365.00	365.00	365.00	365.00	365.00	365.00	365.00	365.00	365.00	365.00	
201.00	201.00	201.00	201.00	201.00	201.00	201.00	201.00	201.00	201.00	201.00	201.00	201.00	201.00	201.00	201.00	
90.00	90.00	90.00	90.00	90.00	90.00	90.00	90.00	90.00	90.00	90.00	90.00	90.00	90.00	90.00	90.00	
15.00	15.00	15.00	15.00	15.00	15.00	15.00	15.00	15.00	15.00	15.00	15.00	15.00	15.00	15.00	15.00	
13.00	13.00	13.00	13.00	13.00	13.00	13.00	13.00	13.00	13.00	13.00	13.00	13.00	13.00	13.00	13.00	
314.00	314.00	314.00	314.00	314.00	314.00	314.00	314.00	314.00	314.00	314.00	314.00	314.00	314.00	314.00	314.00	
181.00	181.00	181.00	181.00	181.00	181.00	181.00	181.00	181.00	181.00	181.00	181.00	181.00	181.00	181.00	181.00	
16.00	16.00	16.00	16.00	16.00	16.00	16.00	16.00	16.00	16.00	16.00	16.00	16.00	16.00	16.00	16.00	
167.00	167.00	167.00	167.00	167.00	167.00	167.00	167.00	167.00	167.00	167.00	167.00	167.00	167.00	167.00	167.00	
644.00	644.00	644.00	644.00	644.00	644.00	644.00	644.00	644.00	644.00	644.00	644.00	644.00	644.00	644.00	644.00	
324.00	324.00	324.00	324.00	324.00	324.00	324.00	324.00	324.00	324.00	324.00	324.00	324.00	324.00	324.00	324.00	
437.00	437.00	437.00	437.00	437.00	437.00	437.00	437.00	437.00	437.00	437.00	437.00	437.00	437.00	437.00	437.00	
437.00	437.00	437.00	437.00	437.00	437.00	437.00	437.00	437.00	437.00	437.00	437.00	437.00	437.00	437.00	437.00	
6.00	6.00	6.00	6.00	6.00	6.00	6.00	6.00	6.00	6.00	6.00	6.00	6.00	6.00	6.00	6.00	
569.00	569.00	569.00	569.00	569.00	569.00	569.00	569.00	569.00	569.00	569.00	569.00	569.00	569.00	569.00	569.00	
461.00	461.00	461.00	461.00	461.00	461.00	461.00	461.00	461.00	461.00	461.00	461.00	461.00	461.00	461.00	461.00	
246.00	246.00	246.00	246.00	246.00	246.00	246.00	246.00	246.00	246.00	246.00	246.00	246.00	246.00	246.00	246.00	
63.00	63.00	63.00	63.00	63.00	63.00	63.00	63.00	63.00	63.00	63.00	63.00	63.00	63.00	63.00	63.00	
233.00	233.00	233.00	233.00	233.00	233.00	233.00	233.00	233.00	233.00	233.00	233.00	233.00	233.00	233.00	233.00	
5.00	5.00	5.00	5.00	5.00	5.00	5.00	5.00	5.00	5.00	5.00	5.00	5.00	5.00	5.00	5.00	
171.00	171.00	171.00	171.00	171.00	171.00	171.00	171.00	171.00	171.00	171.00	171.00	171.00	171.00	171.00	171.00	
85.00	85.00	85.00	85.00	85.00	85.00	85.00	85.00	85.00	85.00	85.00	85.00	85.00	85.00	85.00	85.00	
23.00	23.00	23.00	23.00	23.00	23.00	23.00	23.00	23.00	23.00	23.00	23.00	23.00	23.00	23.00	23.00	
529.00	529.00	529.00	529.00	529.00	529.00	529.00	529.00	529.00	529.00	529.00	529.00	529.00	529.00	529.00	529.00	
6.00	6.00	6.00	6.00	6.00	6.00	6.00	6.00	6.00	6.00	6.00	6.00	6.00	6.00	6.00	6.00	
607.00	607.00	607.00	607.00	607.00	607.00	607.00	607.00	607.00	607.00	607.00	607.00	607.00	607.00	607.00	607.00	
11.00	11.00	11.00	11.00	11.00	11.00	11.00	11.00	11.00	11.00	11.00	11.00	11.00	11.00	11.00	11.00	
228.00	228.00	228.00	228.00	228.00	228.00	228.00	228.00	228.00	228.00	228.00	228.00	228.00	228.00	228.00	228.00	
10.00	10.00	10.00	10.00	10.00	10.00	10.00	10.00	10.00	10.00	10.00	10.00	10.00	10.00	10.00	10.00	
256.00	256.00	256.00	256.00	256.00	256.00	256.00	256.00	256.00	256.00	256.00	256.00	256.00	256.00	256.00	256.00	
5.00	5.00	5.00	5.00	5.00	5.00	5.00	5.00	5.00	5.00	5.00	5.00	5.00	5.00	5.00	5.00	
61.00	61.00	61.00	61.00	61.00	61.00	61.00	61.00	61.00	61.00	61.00	61.00	61.00	61.00	61.00	61.00	
13.00	13.00	13.00	13.00	13.00	13.00	13.00	13.00	13.00	13.00	13.00	13.00	13.00	13.00	13.00	13.00	
190.00	190.00	190.00	190.00	190.00	190.00	190.00	190.00	190.00	190.00	190.00	190.00	190.00	190.00	190.00	190.00	
577.00	577.00	577.00	577.00	577.00	577.00	577.00	577.00	577.00	577.00	577.00	577.00	577.00	577.00	577.00	577.00	
98.00	98.00	98.00	98.00	98.00	98.00	98.00	98.00	98.00	98.00	98.00	98.00	98.00	98.00	98.00	98.00	
62.00	62.00	62.00	62.00	62.00	62.00	62.00	62.00	62.00	62.00	62.00	62.00	62.00	62.00	62.00	62.00	
384.00	384.00	384.00	384.00	384.00	384.00	384.00	384.00	384.00	384.00	384.00	384.00	384.00	384.00	384.00	384.00	
13.00	13.00	13.00	13.00	13.00	13.00	13.00	13.00	13.00	13.00	13.00	13.00	13.00	13.00	13.00	13.00	
16.00	16.00	16.00	16.00	16.00	16.00	16.00	16.00	16.00	16.00	16.00	16.00	16.00	16.00	16.00	16.00	
15.00	15.00	15.00	15.00	15.00	15.00	15.00	15.00	15.00	15.00	15.00	15.00	15.00	15.00	15.00	15.00	
310.00	310.00	310.00	310.00	310.00	310.00	310.00	310.00	310.00	310.00	310.00	310.00	310.00	310.00	310.00	310.00	
357.00	357.00	357.00	357.00	357.00	357.00	357.00	357.00	357.00	357.00	357.00	357.00	357.00	357.00	357.00	357.00	
639.00	639.00	639.00	639.00	639.00	639.00	639.00	639.00	639.00	639.00	639.00	639.00	639.00	639.00	639.00	639.00	
430.00	430.00	430.00	430.00	430.00	430.00	430.00	430.00	430.00	430.00	430.00	430.00	430.00	430.00	430.00	430.00	
331.00	331.00	331.00	331.00	331.00	331.00	331.00	331.00	331.00	331.00	331.00	331.00	331.00	331.00	331.00	331.00	
374.00	374.00	374.00	374.00	374.00	374.00	374.00	374.00	374.00	374.00	374.00	374.00	374.00	374.00	374.00	374.00	
11.00	11.00	11.00	11.00	11.00	11.00	11.00	11.00	11.00	11.00	11.00	11.00	11.00	11.00	11.00	11.00	
531.00	531.00	531.00	531.00	531.00	531.00	531.00	531.00	531.00	531.00	531.00	531.00	531.00	531.00	531.00	531.00	
10.00	10.00	10.00	10.00	10.00	10.00	10.00	10.00	10.00	10.00	10.00	10.00	10.00	10.00	10.00	10.00	
568.00	568.00	568.00	568.00	568.00	568.00	568.00	568.00	568.00	568.00	568.00	568.00	568.00	568.00	568.00	568.00	
11.00	11.00	11.00	11.00	11.00	11.00	11.00	11.00	11.00	11.00	11.00	11.00	11.00	11.00	11.00	11.00	
17.00	17.00	17.00	17.00	17.00	17.00	17.00	17.00	17.00	17.00	17.00	17.00	17.00	17.00	17.00	17.00	
107.00	107.00	107.00	107.00	107.00	107.00	107.00	107.00	107.00	107.00	107.00	107.00	107.00	107.00	107.00	107.00	
300.00	300.00	300.00	300.00	300.00	300.00	300.00	300.00	300.00	300.00	300.00	300.00	300.00	300.00	300.00	300.00	
550.00	550.00	550.00	550.00	550.00	550.00	550.00	550.00	550.00	550.00	550.00	550.00	550.00	550.00	550.00	550.00	
169.00	169.00	169.00	169.00	169.00	169.00	169.00	169.00	169.00	169.00	169.00	169.00	169.00	169.00	169.00	169.00	
796.00	796.00	796.00	796.00	796.00	796.00	796.00	796.00	796.00	796.00	796.00	796.00	796.00	796.00	796.00	796.00	
208.00	208.00	208.00	208.00	208.00	208.00	208.00	208.00	208.00	208.00	208.00	208.00	208.00	208.00	208.00	208.00	
202.00	202.00	202.00	202.00	202.00	202.00	202.00	202.00	202.00	202.00	202.00	202.00	202.00	202.00	202.00	202.00	
628.00	628.00	628.00	628.00	628.00	628.00	628.00	628.00	628.00	628.00	628.00	628.00	628.00	628.00	628.00	628.00	
211.00	211.00	211.00	211.00	211.00	211.00	211.00	211.00	211.00	211.00	211.00	211.00	211.00	211.00	211.00	211.00	
363.00	363.00	363.00	363.00	363.00	363.00	363.00	363.00	363.00	363.00	363.00	363.00	363.00	363.00	363.00	363.00	
260.00	260.00	260.00	260.00	260.00	260.00	260.00	260.00	260.00	260.00	260.00	260.00	260.00	260.00	260.00	260.00	
796.00	796.00	796.00	796.00	796.00	796.00	796.00	796.00	796.00	796.00	796.00	796.00	796.00	796.00	796.00	796.00	
319.00	319.00	319.00	319.00	319.00	319.00	319.00	319.00	319.00	319.00	319.00	319.00	319.00	319.00	319.00	319.00	
338.00	338.00	338.00	338.00	338.00	338.00	338.00	338.00	338.00	338.00	338.00	338.00	338.00	338.00	338.00	338.00	
333.00	333.00	333.00	333.00	333.00	333.00	333.00	333.00	333.00	333.00	333.00	333.00	333.00	333.00	333.00	333.00	
10.00	10.00	10.00	10.00	10.00	10.00	10.00	10.00	10.00	10.00	10.00	10.00	10.00	10.00	10.00	10.00	
231.00	231.00	231.00	231.00	231.00	231.00	231.00	231.00	231.00	231.00	231.00	231.00	231.00	231.00	231.00	231.00	
542.00	542.00	542.00	542.00	542.00	542.00	542.00	542.00	542.00	542.00	542.00	542.00	542.00	542.00	542.00	542.00	

