100 x 9 matrix
599.00	599.00	599.00	599.00	599.00	599.00	599.00	599.00	599.00	
474.00	474.00	474.00	474.00	474.00	474.00	474.00	474.00	474.00	
191.00	191.00	191.00	191.00	191.00	191.00	191.00	191.00	191.00	
272.00	272.00	272.00	272.00	272.00	272.00	272.00	272.00	272.00	
674.00	674.00	674.00	674.00	674.00	674.00	674.00	674.00	674.00	
858.00	858.00	858.00	858.00	858.00	858.00	858.00	858.00	858.00	
22.00	22.00	22.00	22.00	22.00	22.00	22.00	22.00	22.00	
416.00	416.00	416.00	416.00	416.00	416.00	416.00	416.00	416.00	
491.00	491.00	491.00	491.00	491.00	491.00	491.00	491.00	491.00	
18.00	18.00	18.00	18.00	18.00	18.00	18.00	18.00	18.00	
17.00	17.00	17.00	17.00	17.00	17.00	17.00	17.00	17.00	
14.00	14.00	14.00	14.00	14.00	14.00	14.00	14.00	14.00	
17.00	17.00	17.00	17.00	17.00	17.00	17.00	17.00	17.00	
14.00	14.00	14.00	14.00	14.00	14.00	14.00	14.00	14.00	
595.00	595.00	595.00	595.00	595.00	595.00	595.00	595.00	595.00	
223.00	223.00	223.00	223.00	223.00	223.00	223.00	223.00	223.00	
1153.00	1153.00	1153.00	1153.00	1153.00	1153.00	1153.00	1153.00	1153.00	
758.00	758.00	758.00	758.00	758.00	758.00	758.00	758.00	758.00	
1041.00	1041.00	1041.00	1041.00	1041.00	1041.00	1041.00	1041.00	1041.00	
627.00	627.00	627.00	627.00	627.00	627.00	627.00	627.00	627.00	
18.00	18.00	18.00	18.00	18.00	18.00	18.00	18.00	18.00	
689.00	689.00	689.00	689.00	689.00	689.00	689.00	689.00	689.00	
16.00	16.00	16.00	16.00	16.00	16.00	16.00	16.00	16.00	
359.00	359.00	359.00	359.00	359.00	359.00	359.00	359.00	359.00	
19.00	19.00	19.00	19.00	19.00	19.00	19.00	19.00	19.00	
332.00	332.00	332.00	332.00	332.00	332.00	332.00	332.00	332.00	
584.00	584.00	584.00	584.00	584.00	584.00	584.00	584.00	584.00	
19.00	19.00	19.00	19.00	19.00	19.00	19.00	19.00	19.00	
474.00	474.00	474.00	474.00	474.00	474.00	474.00	474.00	474.00	
889.00	889.00	889.00	889.00	889.00	889.00	889.00	889.00	889.00	
155.00	155.00	155.00	155.00	155.00	155.00	155.00	155.00	155.00	
672.00	672.00	672.00	672.00	672.00	672.00	672.00	672.00	672.00	
744.00	744.00	744.00	744.00	744.00	744.00	744.00	744.00	744.00	
18.00	18.00	18.00	18.00	18.00	18.00	18.00	18.00	18.00	
184.00	184.00	184.00	184.00	184.00	184.00	184.00	184.00	184.00	
206.00	206.00	206.00	206.00	206.00	206.00	206.00	206.00	206.00	
345.00	345.00	345.00	345.00	345.00	345.00	345.00	345.00	345.00	
739.00	739.00	739.00	739.00	739.00	739.00	739.00	739.00	739.00	
691.00	691.00	691.00	691.00	691.00	691.00	691.00	691.00	691.00	
15.00	15.00	15.00	15.00	15.00	15.00	15.00	15.00	15.00	
342.00	342.00	342.00	342.00	342.00	342.00	342.00	342.00	342.00	
741.00	741.00	741.00	741.00	741.00	741.00	741.00	741.00	741.00	
28.00	28.00	28.00	28.00	28.00	28.00	28.00	28.00	28.00	
68.00	68.00	68.00	68.00	68.00	68.00	68.00	68.00	68.00	
9.00	9.00	9.00	9.00	9.00	9.00	9.00	9.00	9.00	
26.00	26.00	26.00	26.00	26.00	26.00	26.00	26.00	26.00	
291.00	291.00	291.00	291.00	291.00	291.00	291.00	291.00	291.00	
292.00	292.00	292.00	292.00	292.00	292.00	292.00	292.00	292.00	
903.00	903.00	903.00	903.00	903.00	903.00	903.00	903.00	903.00	
394.00	394.00	394.00	394.00	394.00	394.00	394.00	394.00	394.00	
16.00	16.00	16.00	16.00	16.00	16.00	16.00	16.00	16.00	
1010.00	1010.00	1010.00	1010.00	1010.00	1010.00	1010.00	1010.00	1010.00	
2190.00	2190.00	2190.00	2190.00	2190.00	2190.00	2190.00	2190.00	2190.00	
519.00	519.00	519.00	519.00	519.00	519.00	519.00	519.00	519.00	
223.00	223.00	223.00	223.00	223.00	223.00	223.00	223.00	223.00	
19.00	19.00	19.00	19.00	19.00	19.00	19.00	19.00	19.00	
88.00	88.00	88.00	88.00	88.00	88.00	88.00	88.00	88.00	
19.00	19.00	19.00	19.00	19.00	19.00	19.00	19.00	19.00	
899.00	899.00	899.00	899.00	899.00	899.00	899.00	899.00	899.00	
281.00	281.00	281.00	281.00	281.00	281.00	281.00	281.00	281.00	
0.00	0.00	0.00	0.00	0.00	0.00	0.00	0.00	0.00	
0.00	0.00	0.00	0.00	0.00	0.00	0.00	0.00	0.00	
0.00	0.00	0.00	0.00	0.00	0.00	0.00	0.00	0.00	
0.00	0.00	0.00	0.00	0.00	0.00	0.00	0.00	0.00	
0.00	0.00	0.00	0.00	0.00	0.00	0.00	0.00	0.00	
0.00	0.00	0.00	0.00	0.00	0.00	0.00	0.00	0.00	
0.00	0.00	0.00	0.00	0.00	0.00	0.00	0.00	0.00	
0.00	0.00	0.00	0.00	0.00	0.00	0.00	0.00	0.00	
0.00	0.00	0.00	0.00	0.00	0.00	0.00	0.00	0.00	
0.00	0.00	0.00	0.00	0.00	0.00	0.00	0.00	0.00	
0.00	0.00	0.00	0.00	0.00	0.00	0.00	0.00	0.00	
0.00	0.00	0.00	0.00	0.00	0.00	0.00	0.00	0.00	
0.00	0.00	0.00	0.00	0.00	0.00	0.00	0.00	0.00	
0.00	0.00	0.00	0.00	0.00	0.00	0.00	0.00	0.00	
0.00	0.00	0.00	0.00	0.00	0.00	0.00	0.00	0.00	
0.00	0.00	0.00	0.00	0.00	0.00	0.00	0.00	0.00	
0.00	0.00	0.00	0.00	0.00	0.00	0.00	0.00	0.00	
0.00	0.00	0.00	0.00	0.00	0.00	0.00	0.00	0.00	
0.00	0.00	0.00	0.00	0.00	0.00	0.00	0.00	0.00	
0.00	0.00	0.00	0.00	0.00	0.00	0.00	0.00	0.00	
0.00	0.00	0.00	0.00	0.00	0.00	0.00	0.00	0.00	
0.00	0.00	0.00	0.00	0.00	0.00	0.00	0.00	0.00	
0.00	0.00	0.00	0.00	0.00	0.00	0.00	0.00	0.00	
0.00	0.00	0.00	0.00	0.00	0.00	0.00	0.00	0.00	
0.00	0.00	0.00	0.00	0.00	0.00	0.00	0.00	0.00	
0.00	0.00	0.00	0.00	0.00	0.00	0.00	0.00	0.00	
0.00	0.00	0.00	0.00	0.00	0.00	0.00	0.00	0.00	
0.00	0.00	0.00	0.00	0.00	0.00	0.00	0.00	0.00	
0.00	0.00	0.00	0.00	0.00	0.00	0.00	0.00	0.00	
0.00	0.00	0.00	0.00	0.00	0.00	0.00	0.00	0.00	
0.00	0.00	0.00	0.00	0.00	0.00	0.00	0.00	0.00	
0.00	0.00	0.00	0.00	0.00	0.00	0.00	0.00	0.00	
0.00	0.00	0.00	0.00	0.00	0.00	0.00	0.00	0.00	
0.00	0.00	0.00	0.00	0.00	0.00	0.00	0.00	0.00	
0.00	0.00	0.00	0.00	0.00	0.00	0.00	0.00	0.00	
0.00	0.00	0.00	0.00	0.00	0.00	0.00	0.00	0.00	
0.00	0.00	0.00	0.00	0.00	0.00	0.00	0.00	0.00	
0.00	0.00	0.00	0.00	0.00	0.00	0.00	0.00	0.00	
0.00	0.00	0.00	0.00	0.00	0.00	0.00	0.00	0.00	
0.00	0.00	0.00	0.00	0.00	0.00	0.00	0.00	0.00	

