100 x 9 matrix
57.00	57.00	57.00	57.00	57.00	57.00	57.00	57.00	57.00	
181.00	181.00	181.00	181.00	181.00	181.00	181.00	181.00	181.00	
45.00	45.00	45.00	45.00	45.00	45.00	45.00	45.00	45.00	
363.00	363.00	363.00	363.00	363.00	363.00	363.00	363.00	363.00	
382.00	382.00	382.00	382.00	382.00	382.00	382.00	382.00	382.00	
705.00	705.00	705.00	705.00	705.00	705.00	705.00	705.00	705.00	
84.00	84.00	84.00	84.00	84.00	84.00	84.00	84.00	84.00	
850.00	850.00	850.00	850.00	850.00	850.00	850.00	850.00	850.00	
452.00	452.00	452.00	452.00	452.00	452.00	452.00	452.00	452.00	
11.00	11.00	11.00	11.00	11.00	11.00	11.00	11.00	11.00	
14.00	14.00	14.00	14.00	14.00	14.00	14.00	14.00	14.00	
12.00	12.00	12.00	12.00	12.00	12.00	12.00	12.00	12.00	
458.00	458.00	458.00	458.00	458.00	458.00	458.00	458.00	458.00	
229.00	229.00	229.00	229.00	229.00	229.00	229.00	229.00	229.00	
576.00	576.00	576.00	576.00	576.00	576.00	576.00	576.00	576.00	
13.00	13.00	13.00	13.00	13.00	13.00	13.00	13.00	13.00	
17.00	17.00	17.00	17.00	17.00	17.00	17.00	17.00	17.00	
14.00	14.00	14.00	14.00	14.00	14.00	14.00	14.00	14.00	
705.00	705.00	705.00	705.00	705.00	705.00	705.00	705.00	705.00	
902.00	902.00	902.00	902.00	902.00	902.00	902.00	902.00	902.00	
230.00	230.00	230.00	230.00	230.00	230.00	230.00	230.00	230.00	
7.00	7.00	7.00	7.00	7.00	7.00	7.00	7.00	7.00	
173.00	173.00	173.00	173.00	173.00	173.00	173.00	173.00	173.00	
12.00	12.00	12.00	12.00	12.00	12.00	12.00	12.00	12.00	
334.00	334.00	334.00	334.00	334.00	334.00	334.00	334.00	334.00	
17.00	17.00	17.00	17.00	17.00	17.00	17.00	17.00	17.00	
270.00	270.00	270.00	270.00	270.00	270.00	270.00	270.00	270.00	
10.00	10.00	10.00	10.00	10.00	10.00	10.00	10.00	10.00	
616.00	616.00	616.00	616.00	616.00	616.00	616.00	616.00	616.00	
1075.00	1075.00	1075.00	1075.00	1075.00	1075.00	1075.00	1075.00	1075.00	
12.00	12.00	12.00	12.00	12.00	12.00	12.00	12.00	12.00	
457.00	457.00	457.00	457.00	457.00	457.00	457.00	457.00	457.00	
279.00	279.00	279.00	279.00	279.00	279.00	279.00	279.00	279.00	
10.00	10.00	10.00	10.00	10.00	10.00	10.00	10.00	10.00	
838.00	838.00	838.00	838.00	838.00	838.00	838.00	838.00	838.00	
628.00	628.00	628.00	628.00	628.00	628.00	628.00	628.00	628.00	
129.00	129.00	129.00	129.00	129.00	129.00	129.00	129.00	129.00	
1419.00	1419.00	1419.00	1419.00	1419.00	1419.00	1419.00	1419.00	1419.00	
465.00	465.00	465.00	465.00	465.00	465.00	465.00	465.00	465.00	
23.00	23.00	23.00	23.00	23.00	23.00	23.00	23.00	23.00	
15.00	15.00	15.00	15.00	15.00	15.00	15.00	15.00	15.00	
19.00	19.00	19.00	19.00	19.00	19.00	19.00	19.00	19.00	
12.00	12.00	12.00	12.00	12.00	12.00	12.00	12.00	12.00	
667.00	667.00	667.00	667.00	667.00	667.00	667.00	667.00	667.00	
239.00	239.00	239.00	239.00	239.00	239.00	239.00	239.00	239.00	
486.00	486.00	486.00	486.00	486.00	486.00	486.00	486.00	486.00	
485.00	485.00	485.00	485.00	485.00	485.00	485.00	485.00	485.00	
464.00	464.00	464.00	464.00	464.00	464.00	464.00	464.00	464.00	
555.00	555.00	555.00	555.00	555.00	555.00	555.00	555.00	555.00	
362.00	362.00	362.00	362.00	362.00	362.00	362.00	362.00	362.00	
11.00	11.00	11.00	11.00	11.00	11.00	11.00	11.00	11.00	
27.00	27.00	27.00	27.00	27.00	27.00	27.00	27.00	27.00	
23.00	23.00	23.00	23.00	23.00	23.00	23.00	23.00	23.00	
74.00	74.00	74.00	74.00	74.00	74.00	74.00	74.00	74.00	
384.00	384.00	384.00	384.00	384.00	384.00	384.00	384.00	384.00	
230.00	230.00	230.00	230.00	230.00	230.00	230.00	230.00	230.00	
15.00	15.00	15.00	15.00	15.00	15.00	15.00	15.00	15.00	
240.00	240.00	240.00	240.00	240.00	240.00	240.00	240.00	240.00	
182.00	182.00	182.00	182.00	182.00	182.00	182.00	182.00	182.00	
326.00	326.00	326.00	326.00	326.00	326.00	326.00	326.00	326.00	
600.00	600.00	600.00	600.00	600.00	600.00	600.00	600.00	600.00	
334.00	334.00	334.00	334.00	334.00	334.00	334.00	334.00	334.00	
4.00	4.00	4.00	4.00	4.00	4.00	4.00	4.00	4.00	
651.00	651.00	651.00	651.00	651.00	651.00	651.00	651.00	651.00	
315.00	315.00	315.00	315.00	315.00	315.00	315.00	315.00	315.00	
700.00	700.00	700.00	700.00	700.00	700.00	700.00	700.00	700.00	
589.00	589.00	589.00	589.00	589.00	589.00	589.00	589.00	589.00	
190.00	190.00	190.00	190.00	190.00	190.00	190.00	190.00	190.00	
5.00	5.00	5.00	5.00	5.00	5.00	5.00	5.00	5.00	
123.00	123.00	123.00	123.00	123.00	123.00	123.00	123.00	123.00	
706.00	706.00	706.00	706.00	706.00	706.00	706.00	706.00	706.00	
19.00	19.00	19.00	19.00	19.00	19.00	19.00	19.00	19.00	
367.00	367.00	367.00	367.00	367.00	367.00	367.00	367.00	367.00	
442.00	442.00	442.00	442.00	442.00	442.00	442.00	442.00	442.00	
108.00	108.00	108.00	108.00	108.00	108.00	108.00	108.00	108.00	
5.00	5.00	5.00	5.00	5.00	5.00	5.00	5.00	5.00	
91.00	91.00	91.00	91.00	91.00	91.00	91.00	91.00	91.00	
10.00	10.00	10.00	10.00	10.00	10.00	10.00	10.00	10.00	
426.00	426.00	426.00	426.00	426.00	426.00	426.00	426.00	426.00	
425.00	425.00	425.00	425.00	425.00	425.00	425.00	425.00	425.00	
0.00	0.00	0.00	0.00	0.00	0.00	0.00	0.00	0.00	
0.00	0.00	0.00	0.00	0.00	0.00	0.00	0.00	0.00	
0.00	0.00	0.00	0.00	0.00	0.00	0.00	0.00	0.00	
0.00	0.00	0.00	0.00	0.00	0.00	0.00	0.00	0.00	
0.00	0.00	0.00	0.00	0.00	0.00	0.00	0.00	0.00	
0.00	0.00	0.00	0.00	0.00	0.00	0.00	0.00	0.00	
0.00	0.00	0.00	0.00	0.00	0.00	0.00	0.00	0.00	
0.00	0.00	0.00	0.00	0.00	0.00	0.00	0.00	0.00	
0.00	0.00	0.00	0.00	0.00	0.00	0.00	0.00	0.00	
0.00	0.00	0.00	0.00	0.00	0.00	0.00	0.00	0.00	
0.00	0.00	0.00	0.00	0.00	0.00	0.00	0.00	0.00	
0.00	0.00	0.00	0.00	0.00	0.00	0.00	0.00	0.00	
0.00	0.00	0.00	0.00	0.00	0.00	0.00	0.00	0.00	
0.00	0.00	0.00	0.00	0.00	0.00	0.00	0.00	0.00	
0.00	0.00	0.00	0.00	0.00	0.00	0.00	0.00	0.00	
0.00	0.00	0.00	0.00	0.00	0.00	0.00	0.00	0.00	
0.00	0.00	0.00	0.00	0.00	0.00	0.00	0.00	0.00	
0.00	0.00	0.00	0.00	0.00	0.00	0.00	0.00	0.00	
0.00	0.00	0.00	0.00	0.00	0.00	0.00	0.00	0.00	
0.00	0.00	0.00	0.00	0.00	0.00	0.00	0.00	0.00	

