100 x 9 matrix
29.00	29.00	29.00	29.00	29.00	29.00	29.00	29.00	29.00	
86.00	86.00	86.00	86.00	86.00	86.00	86.00	86.00	86.00	
22.00	22.00	22.00	22.00	22.00	22.00	22.00	22.00	22.00	
197.00	197.00	197.00	197.00	197.00	197.00	197.00	197.00	197.00	
168.00	168.00	168.00	168.00	168.00	168.00	168.00	168.00	168.00	
385.00	385.00	385.00	385.00	385.00	385.00	385.00	385.00	385.00	
30.00	30.00	30.00	30.00	30.00	30.00	30.00	30.00	30.00	
447.00	447.00	447.00	447.00	447.00	447.00	447.00	447.00	447.00	
258.00	258.00	258.00	258.00	258.00	258.00	258.00	258.00	258.00	
6.00	6.00	6.00	6.00	6.00	6.00	6.00	6.00	6.00	
6.00	6.00	6.00	6.00	6.00	6.00	6.00	6.00	6.00	
4.00	4.00	4.00	4.00	4.00	4.00	4.00	4.00	4.00	
242.00	242.00	242.00	242.00	242.00	242.00	242.00	242.00	242.00	
123.00	123.00	123.00	123.00	123.00	123.00	123.00	123.00	123.00	
285.00	285.00	285.00	285.00	285.00	285.00	285.00	285.00	285.00	
8.00	8.00	8.00	8.00	8.00	8.00	8.00	8.00	8.00	
11.00	11.00	11.00	11.00	11.00	11.00	11.00	11.00	11.00	
7.00	7.00	7.00	7.00	7.00	7.00	7.00	7.00	7.00	
331.00	331.00	331.00	331.00	331.00	331.00	331.00	331.00	331.00	
520.00	520.00	520.00	520.00	520.00	520.00	520.00	520.00	520.00	
79.00	79.00	79.00	79.00	79.00	79.00	79.00	79.00	79.00	
5.00	5.00	5.00	5.00	5.00	5.00	5.00	5.00	5.00	
107.00	107.00	107.00	107.00	107.00	107.00	107.00	107.00	107.00	
6.00	6.00	6.00	6.00	6.00	6.00	6.00	6.00	6.00	
198.00	198.00	198.00	198.00	198.00	198.00	198.00	198.00	198.00	
5.00	5.00	5.00	5.00	5.00	5.00	5.00	5.00	5.00	
125.00	125.00	125.00	125.00	125.00	125.00	125.00	125.00	125.00	
4.00	4.00	4.00	4.00	4.00	4.00	4.00	4.00	4.00	
280.00	280.00	280.00	280.00	280.00	280.00	280.00	280.00	280.00	
496.00	496.00	496.00	496.00	496.00	496.00	496.00	496.00	496.00	
7.00	7.00	7.00	7.00	7.00	7.00	7.00	7.00	7.00	
195.00	195.00	195.00	195.00	195.00	195.00	195.00	195.00	195.00	
105.00	105.00	105.00	105.00	105.00	105.00	105.00	105.00	105.00	
4.00	4.00	4.00	4.00	4.00	4.00	4.00	4.00	4.00	
360.00	360.00	360.00	360.00	360.00	360.00	360.00	360.00	360.00	
342.00	342.00	342.00	342.00	342.00	342.00	342.00	342.00	342.00	
66.00	66.00	66.00	66.00	66.00	66.00	66.00	66.00	66.00	
777.00	777.00	777.00	777.00	777.00	777.00	777.00	777.00	777.00	
255.00	255.00	255.00	255.00	255.00	255.00	255.00	255.00	255.00	
10.00	10.00	10.00	10.00	10.00	10.00	10.00	10.00	10.00	
6.00	6.00	6.00	6.00	6.00	6.00	6.00	6.00	6.00	
11.00	11.00	11.00	11.00	11.00	11.00	11.00	11.00	11.00	
8.00	8.00	8.00	8.00	8.00	8.00	8.00	8.00	8.00	
340.00	340.00	340.00	340.00	340.00	340.00	340.00	340.00	340.00	
141.00	141.00	141.00	141.00	141.00	141.00	141.00	141.00	141.00	
264.00	264.00	264.00	264.00	264.00	264.00	264.00	264.00	264.00	
261.00	261.00	261.00	261.00	261.00	261.00	261.00	261.00	261.00	
223.00	223.00	223.00	223.00	223.00	223.00	223.00	223.00	223.00	
266.00	266.00	266.00	266.00	266.00	266.00	266.00	266.00	266.00	
223.00	223.00	223.00	223.00	223.00	223.00	223.00	223.00	223.00	
6.00	6.00	6.00	6.00	6.00	6.00	6.00	6.00	6.00	
14.00	14.00	14.00	14.00	14.00	14.00	14.00	14.00	14.00	
10.00	10.00	10.00	10.00	10.00	10.00	10.00	10.00	10.00	
41.00	41.00	41.00	41.00	41.00	41.00	41.00	41.00	41.00	
210.00	210.00	210.00	210.00	210.00	210.00	210.00	210.00	210.00	
150.00	150.00	150.00	150.00	150.00	150.00	150.00	150.00	150.00	
8.00	8.00	8.00	8.00	8.00	8.00	8.00	8.00	8.00	
135.00	135.00	135.00	135.00	135.00	135.00	135.00	135.00	135.00	
120.00	120.00	120.00	120.00	120.00	120.00	120.00	120.00	120.00	
197.00	197.00	197.00	197.00	197.00	197.00	197.00	197.00	197.00	
353.00	353.00	353.00	353.00	353.00	353.00	353.00	353.00	353.00	
187.00	187.00	187.00	187.00	187.00	187.00	187.00	187.00	187.00	
1.00	1.00	1.00	1.00	1.00	1.00	1.00	1.00	1.00	
360.00	360.00	360.00	360.00	360.00	360.00	360.00	360.00	360.00	
172.00	172.00	172.00	172.00	172.00	172.00	172.00	172.00	172.00	
429.00	429.00	429.00	429.00	429.00	429.00	429.00	429.00	429.00	
266.00	266.00	266.00	266.00	266.00	266.00	266.00	266.00	266.00	
97.00	97.00	97.00	97.00	97.00	97.00	97.00	97.00	97.00	
3.00	3.00	3.00	3.00	3.00	3.00	3.00	3.00	3.00	
78.00	78.00	78.00	78.00	78.00	78.00	78.00	78.00	78.00	
399.00	399.00	399.00	399.00	399.00	399.00	399.00	399.00	399.00	
5.00	5.00	5.00	5.00	5.00	5.00	5.00	5.00	5.00	
151.00	151.00	151.00	151.00	151.00	151.00	151.00	151.00	151.00	
204.00	204.00	204.00	204.00	204.00	204.00	204.00	204.00	204.00	
57.00	57.00	57.00	57.00	57.00	57.00	57.00	57.00	57.00	
1.00	1.00	1.00	1.00	1.00	1.00	1.00	1.00	1.00	
50.00	50.00	50.00	50.00	50.00	50.00	50.00	50.00	50.00	
4.00	4.00	4.00	4.00	4.00	4.00	4.00	4.00	4.00	
271.00	271.00	271.00	271.00	271.00	271.00	271.00	271.00	271.00	
261.00	261.00	261.00	261.00	261.00	261.00	261.00	261.00	261.00	
0.00	0.00	0.00	0.00	0.00	0.00	0.00	0.00	0.00	
0.00	0.00	0.00	0.00	0.00	0.00	0.00	0.00	0.00	
0.00	0.00	0.00	0.00	0.00	0.00	0.00	0.00	0.00	
0.00	0.00	0.00	0.00	0.00	0.00	0.00	0.00	0.00	
0.00	0.00	0.00	0.00	0.00	0.00	0.00	0.00	0.00	
0.00	0.00	0.00	0.00	0.00	0.00	0.00	0.00	0.00	
0.00	0.00	0.00	0.00	0.00	0.00	0.00	0.00	0.00	
0.00	0.00	0.00	0.00	0.00	0.00	0.00	0.00	0.00	
0.00	0.00	0.00	0.00	0.00	0.00	0.00	0.00	0.00	
0.00	0.00	0.00	0.00	0.00	0.00	0.00	0.00	0.00	
0.00	0.00	0.00	0.00	0.00	0.00	0.00	0.00	0.00	
0.00	0.00	0.00	0.00	0.00	0.00	0.00	0.00	0.00	
0.00	0.00	0.00	0.00	0.00	0.00	0.00	0.00	0.00	
0.00	0.00	0.00	0.00	0.00	0.00	0.00	0.00	0.00	
0.00	0.00	0.00	0.00	0.00	0.00	0.00	0.00	0.00	
0.00	0.00	0.00	0.00	0.00	0.00	0.00	0.00	0.00	
0.00	0.00	0.00	0.00	0.00	0.00	0.00	0.00	0.00	
0.00	0.00	0.00	0.00	0.00	0.00	0.00	0.00	0.00	
0.00	0.00	0.00	0.00	0.00	0.00	0.00	0.00	0.00	
0.00	0.00	0.00	0.00	0.00	0.00	0.00	0.00	0.00	

