100 x 9 matrix
328.00	328.00	328.00	328.00	328.00	328.00	328.00	328.00	328.00	
212.00	212.00	212.00	212.00	212.00	212.00	212.00	212.00	212.00	
106.00	106.00	106.00	106.00	106.00	106.00	106.00	106.00	106.00	
120.00	120.00	120.00	120.00	120.00	120.00	120.00	120.00	120.00	
415.00	415.00	415.00	415.00	415.00	415.00	415.00	415.00	415.00	
439.00	439.00	439.00	439.00	439.00	439.00	439.00	439.00	439.00	
11.00	11.00	11.00	11.00	11.00	11.00	11.00	11.00	11.00	
235.00	235.00	235.00	235.00	235.00	235.00	235.00	235.00	235.00	
247.00	247.00	247.00	247.00	247.00	247.00	247.00	247.00	247.00	
6.00	6.00	6.00	6.00	6.00	6.00	6.00	6.00	6.00	
10.00	10.00	10.00	10.00	10.00	10.00	10.00	10.00	10.00	
7.00	7.00	7.00	7.00	7.00	7.00	7.00	7.00	7.00	
7.00	7.00	7.00	7.00	7.00	7.00	7.00	7.00	7.00	
9.00	9.00	9.00	9.00	9.00	9.00	9.00	9.00	9.00	
289.00	289.00	289.00	289.00	289.00	289.00	289.00	289.00	289.00	
105.00	105.00	105.00	105.00	105.00	105.00	105.00	105.00	105.00	
611.00	611.00	611.00	611.00	611.00	611.00	611.00	611.00	611.00	
406.00	406.00	406.00	406.00	406.00	406.00	406.00	406.00	406.00	
599.00	599.00	599.00	599.00	599.00	599.00	599.00	599.00	599.00	
357.00	357.00	357.00	357.00	357.00	357.00	357.00	357.00	357.00	
9.00	9.00	9.00	9.00	9.00	9.00	9.00	9.00	9.00	
309.00	309.00	309.00	309.00	309.00	309.00	309.00	309.00	309.00	
8.00	8.00	8.00	8.00	8.00	8.00	8.00	8.00	8.00	
223.00	223.00	223.00	223.00	223.00	223.00	223.00	223.00	223.00	
13.00	13.00	13.00	13.00	13.00	13.00	13.00	13.00	13.00	
188.00	188.00	188.00	188.00	188.00	188.00	188.00	188.00	188.00	
355.00	355.00	355.00	355.00	355.00	355.00	355.00	355.00	355.00	
11.00	11.00	11.00	11.00	11.00	11.00	11.00	11.00	11.00	
237.00	237.00	237.00	237.00	237.00	237.00	237.00	237.00	237.00	
432.00	432.00	432.00	432.00	432.00	432.00	432.00	432.00	432.00	
81.00	81.00	81.00	81.00	81.00	81.00	81.00	81.00	81.00	
375.00	375.00	375.00	375.00	375.00	375.00	375.00	375.00	375.00	
383.00	383.00	383.00	383.00	383.00	383.00	383.00	383.00	383.00	
7.00	7.00	7.00	7.00	7.00	7.00	7.00	7.00	7.00	
104.00	104.00	104.00	104.00	104.00	104.00	104.00	104.00	104.00	
121.00	121.00	121.00	121.00	121.00	121.00	121.00	121.00	121.00	
165.00	165.00	165.00	165.00	165.00	165.00	165.00	165.00	165.00	
399.00	399.00	399.00	399.00	399.00	399.00	399.00	399.00	399.00	
387.00	387.00	387.00	387.00	387.00	387.00	387.00	387.00	387.00	
7.00	7.00	7.00	7.00	7.00	7.00	7.00	7.00	7.00	
135.00	135.00	135.00	135.00	135.00	135.00	135.00	135.00	135.00	
367.00	367.00	367.00	367.00	367.00	367.00	367.00	367.00	367.00	
19.00	19.00	19.00	19.00	19.00	19.00	19.00	19.00	19.00	
39.00	39.00	39.00	39.00	39.00	39.00	39.00	39.00	39.00	
2.00	2.00	2.00	2.00	2.00	2.00	2.00	2.00	2.00	
11.00	11.00	11.00	11.00	11.00	11.00	11.00	11.00	11.00	
114.00	114.00	114.00	114.00	114.00	114.00	114.00	114.00	114.00	
152.00	152.00	152.00	152.00	152.00	152.00	152.00	152.00	152.00	
478.00	478.00	478.00	478.00	478.00	478.00	478.00	478.00	478.00	
222.00	222.00	222.00	222.00	222.00	222.00	222.00	222.00	222.00	
10.00	10.00	10.00	10.00	10.00	10.00	10.00	10.00	10.00	
518.00	518.00	518.00	518.00	518.00	518.00	518.00	518.00	518.00	
1135.00	1135.00	1135.00	1135.00	1135.00	1135.00	1135.00	1135.00	1135.00	
302.00	302.00	302.00	302.00	302.00	302.00	302.00	302.00	302.00	
110.00	110.00	110.00	110.00	110.00	110.00	110.00	110.00	110.00	
7.00	7.00	7.00	7.00	7.00	7.00	7.00	7.00	7.00	
48.00	48.00	48.00	48.00	48.00	48.00	48.00	48.00	48.00	
8.00	8.00	8.00	8.00	8.00	8.00	8.00	8.00	8.00	
448.00	448.00	448.00	448.00	448.00	448.00	448.00	448.00	448.00	
228.00	228.00	228.00	228.00	228.00	228.00	228.00	228.00	228.00	
0.00	0.00	0.00	0.00	0.00	0.00	0.00	0.00	0.00	
0.00	0.00	0.00	0.00	0.00	0.00	0.00	0.00	0.00	
0.00	0.00	0.00	0.00	0.00	0.00	0.00	0.00	0.00	
0.00	0.00	0.00	0.00	0.00	0.00	0.00	0.00	0.00	
0.00	0.00	0.00	0.00	0.00	0.00	0.00	0.00	0.00	
0.00	0.00	0.00	0.00	0.00	0.00	0.00	0.00	0.00	
0.00	0.00	0.00	0.00	0.00	0.00	0.00	0.00	0.00	
0.00	0.00	0.00	0.00	0.00	0.00	0.00	0.00	0.00	
0.00	0.00	0.00	0.00	0.00	0.00	0.00	0.00	0.00	
0.00	0.00	0.00	0.00	0.00	0.00	0.00	0.00	0.00	
0.00	0.00	0.00	0.00	0.00	0.00	0.00	0.00	0.00	
0.00	0.00	0.00	0.00	0.00	0.00	0.00	0.00	0.00	
0.00	0.00	0.00	0.00	0.00	0.00	0.00	0.00	0.00	
0.00	0.00	0.00	0.00	0.00	0.00	0.00	0.00	0.00	
0.00	0.00	0.00	0.00	0.00	0.00	0.00	0.00	0.00	
0.00	0.00	0.00	0.00	0.00	0.00	0.00	0.00	0.00	
0.00	0.00	0.00	0.00	0.00	0.00	0.00	0.00	0.00	
0.00	0.00	0.00	0.00	0.00	0.00	0.00	0.00	0.00	
0.00	0.00	0.00	0.00	0.00	0.00	0.00	0.00	0.00	
0.00	0.00	0.00	0.00	0.00	0.00	0.00	0.00	0.00	
0.00	0.00	0.00	0.00	0.00	0.00	0.00	0.00	0.00	
0.00	0.00	0.00	0.00	0.00	0.00	0.00	0.00	0.00	
0.00	0.00	0.00	0.00	0.00	0.00	0.00	0.00	0.00	
0.00	0.00	0.00	0.00	0.00	0.00	0.00	0.00	0.00	
0.00	0.00	0.00	0.00	0.00	0.00	0.00	0.00	0.00	
0.00	0.00	0.00	0.00	0.00	0.00	0.00	0.00	0.00	
0.00	0.00	0.00	0.00	0.00	0.00	0.00	0.00	0.00	
0.00	0.00	0.00	0.00	0.00	0.00	0.00	0.00	0.00	
0.00	0.00	0.00	0.00	0.00	0.00	0.00	0.00	0.00	
0.00	0.00	0.00	0.00	0.00	0.00	0.00	0.00	0.00	
0.00	0.00	0.00	0.00	0.00	0.00	0.00	0.00	0.00	
0.00	0.00	0.00	0.00	0.00	0.00	0.00	0.00	0.00	
0.00	0.00	0.00	0.00	0.00	0.00	0.00	0.00	0.00	
0.00	0.00	0.00	0.00	0.00	0.00	0.00	0.00	0.00	
0.00	0.00	0.00	0.00	0.00	0.00	0.00	0.00	0.00	
0.00	0.00	0.00	0.00	0.00	0.00	0.00	0.00	0.00	
0.00	0.00	0.00	0.00	0.00	0.00	0.00	0.00	0.00	
0.00	0.00	0.00	0.00	0.00	0.00	0.00	0.00	0.00	
0.00	0.00	0.00	0.00	0.00	0.00	0.00	0.00	0.00	
0.00	0.00	0.00	0.00	0.00	0.00	0.00	0.00	0.00	

